0	0	0.15723	0.221265	0.249376	0.266576	0.276304	0.280935	0.282275	0.281316	0.278674	0.274818	0.270146	0.265036	0.259876	0.255083	0.251122	0.248514	0.247845	0.249772	0.255037	0.264468	0.279029	0.299827	0.32833	0.366354	0.417242	0.485331	0.583325	0.719425	0.966502	0.966502	
0	-0.00930442	0.147926	0.211961	0.240072	0.257272	0.266999	0.271631	0.272971	0.272011	0.269369	0.265513	0.260842	0.255732	0.250572	0.245779	0.241818	0.23921	0.238541	0.240468	0.245732	0.255163	0.269724	0.290522	0.319025	0.357049	0.407938	0.476027	0.57402	0.71012	0.957198	0.957198	
0.105518	0.105518	0.166069	0.199507	0.222898	0.23999	0.251135	0.257763	0.261043	0.26176	0.260518	0.257819	0.254107	0.249798	0.245317	0.241112	0.237673	0.235541	0.235321	0.237686	0.243386	0.253252	0.26823	0.289385	0.318052	0.355805	0.405092	0.468326	0.550284	0.645557	0.784782	0.784782	
0.16378	0.16378	0.185189	0.205614	0.222904	0.236326	0.245798	0.251868	0.255096	0.255993	0.255024	0.252615	0.249167	0.245075	0.240749	0.236628	0.233197	0.230992	0.230609	0.23271	0.238023	0.247338	0.26152	0.281493	0.308281	0.342924	0.386619	0.440071	0.504263	0.57082	0.647618	0.647618	
0.197486	0.197486	0.204042	0.21548	0.226681	0.236192	0.243428	0.248289	0.250923	0.251591	0.250598	0.248266	0.244929	0.240939	0.236673	0.232548	0.229026	0.226624	0.225916	0.227536	0.232171	0.240551	0.253438	0.271588	0.295728	0.326443	0.3641	0.40833	0.457986	0.505032	0.547872	0.547872	
0.21774	0.21774	0.218603	0.224616	0.23157	0.238005	0.243156	0.246676	0.2485	0.248722	0.24752	0.245125	0.241803	0.237856	0.23362	0.229479	0.225866	0.223266	0.222224	0.223333	0.227231	0.23458	0.246039	0.262216	0.283601	0.310442	0.342553	0.378821	0.416905	0.449816	0.472384	0.472384	
0.230782	0.230782	0.229718	0.232676	0.236756	0.240837	0.244216	0.24648	0.247467	0.247171	0.245683	0.243163	0.239817	0.2359	0.231709	0.22759	0.223943	0.221218	0.219923	0.220608	0.223859	0.230269	0.240404	0.254745	0.273597	0.296945	0.324217	0.353818	0.382935	0.405798	0.416045	0.416045	
0.240035	0.240035	0.23844	0.239694	0.241885	0.244245	0.246211	0.2474	0.247624	0.246828	0.245049	0.242397	0.239032	0.235169	0.231067	0.227039	0.223448	0.220714	0.219303	0.219724	0.222508	0.228185	0.237235	0.250025	0.266705	0.287046	0.310192	0.334279	0.356459	0.372156	0.374933	0.374933	
0.247261	0.247261	0.245613	0.245916	0.246891	0.248032	0.248922	0.249249	0.248834	0.247608	0.245581	0.242828	0.239479	0.235714	0.231763	0.227908	0.224481	0.221868	0.220498	0.220837	0.223364	0.228545	0.236776	0.248316	0.263168	0.280922	0.300519	0.319991	0.336696	0.347138	0.345445	0.345445	
0.253366	0.253366	0.251787	0.251554	0.251757	0.252063	0.252177	0.251855	0.250951	0.249398	0.247196	0.244403	0.241125	0.23752	0.233793	0.230199	0.227043	0.224679	0.2235	0.223927	0.226389	0.23128	0.238911	0.24943	0.262699	0.278153	0.294613	0.310142	0.322438	0.328951	0.324704	0.324704	
0.258806	0.258806	0.257296	0.256757	0.256479	0.256237	0.255822	0.255051	0.253812	0.25205	0.249766	0.247009	0.243873	0.240498	0.23707	0.233823	0.231035	0.229031	0.228166	0.228816	0.23135	0.236091	0.243257	0.252879	0.264693	0.278015	0.291625	0.303734	0.312452	0.316031	0.310473	0.310473	
0.263805	0.263805	0.26233	0.261615	0.261047	0.260465	0.259717	0.25867	0.25724	0.255387	0.253119	0.25048	0.247559	0.244484	0.241426	0.238598	0.236256	0.234692	0.234223	0.235175	0.237854	0.242503	0.249244	0.257997	0.268393	0.279678	0.290671	0.299811	0.305647	0.307079	0.301011	0.301011	
0.268461	0.268461	0.266988	0.26617	0.265438	0.264664	0.263736	0.262553	0.261055	0.259217	0.257053	0.254609	0.25197	0.249254	0.24662	0.244264	0.242415	0.241333	0.241293	0.242568	0.245395	0.249935	0.256216	0.264064	0.273035	0.282362	0.290969	0.297575	0.301139	0.301064	0.294989	0.294989	
0.272804	0.272804	0.271309	0.270436	0.269622	0.268759	0.267761	0.266549	0.26508	0.263343	0.261355	0.259168	0.25686	0.254545	0.252368	0.250505	0.249162	0.248563	0.248938	0.250501	0.253422	0.257782	0.263527	0.270411	0.277955	0.285431	0.291917	0.296418	0.298255	0.297186	0.291405	0.291405	
0.276828	0.276828	0.275302	0.274402	0.273559	0.272678	0.271687	0.270523	0.269153	0.267577	0.265818	0.263925	0.261978	0.260081	0.258366	0.25699	0.256131	0.255976	0.256708	0.258485	0.26141	0.265495	0.27062	0.276498	0.282652	0.288436	0.2931	0.29592	0.296501	0.294836	0.289518	0.289518	
0.280511	0.280511	0.278956	0.278048	0.277212	0.276357	0.275423	0.274354	0.27313	0.271752	0.270248	0.268668	0.267086	0.265599	0.264325	0.263401	0.262973	0.263194	0.2642	0.266095	0.268923	0.27264	0.277084	0.281954	0.28681	0.291106	0.294269	0.295805	0.295526	0.293558	0.288784	0.288784	
0.283827	0.283827	0.282252	0.281352	0.280543	0.279741	0.278891	0.277946	0.276889	0.275725	0.274483	0.273212	0.27198	0.270875	0.269999	0.269468	0.269401	0.269911	0.271095	0.273008	0.275648	0.27893	0.28267	0.28658	0.290276	0.293321	0.295302	0.295904	0.29508	0.293016	0.288808	0.288808	
0.286753	0.286753	0.285173	0.284291	0.283522	0.282786	0.282034	0.281223	0.280338	0.279387	0.278397	0.277414	0.2765	0.275732	0.275198	0.27499	0.275201	0.275913	0.277182	0.279026	0.281409	0.284223	0.287281	0.290321	0.293027	0.295067	0.296159	0.29612	0.294989	0.292966	0.289311	0.289311	
0.289272	0.289272	0.287705	0.28685	0.286127	0.285462	0.284811	0.284131	0.283412	0.282659	0.281899	0.281173	0.280535	0.280052	0.279795	0.279838	0.280248	0.281078	0.282355	0.284067	0.286155	0.288502	0.290933	0.293223	0.295122	0.29639	0.296846	0.296399	0.295131	0.293234	0.290095	0.290095	
0.291376	0.291376	0.289843	0.289022	0.288349	0.287755	0.287198	0.286641	0.286072	0.285497	0.284938	0.284432	0.284025	0.283773	0.283731	0.283957	0.284495	0.285376	0.286602	0.288143	0.289928	0.29184	0.293724	0.295396	0.296665	0.297366	0.297392	0.296711	0.295422	0.293697	0.291026	0.291026	
0.293068	0.293068	0.291591	0.29081	0.290187	0.28966	0.28919	0.288743	0.288306	0.287884	0.287496	0.287172	0.286952	0.286879	0.286998	0.287348	0.287958	0.28884	0.28998	0.291336	0.292832	0.294361	0.29579	0.296973	0.297771	0.298076	0.29783	0.29704	0.295805	0.294271	0.292017	0.292017	
0.294362	0.294362	0.292961	0.292227	0.291655	0.291189	0.290796	0.290443	0.290119	0.289825	0.289578	0.289402	0.289329	0.289393	0.289627	0.290058	0.2907	0.291551	0.292589	0.293764	0.295003	0.296211	0.297277	0.298089	0.29855	0.298592	0.298193	0.297378	0.29624	0.294901	0.293012	0.293012	
0.295282	0.295282	0.293975	0.293293	0.292772	0.292362	0.292035	0.291763	0.291532	0.291345	0.291213	0.291156	0.291198	0.291365	0.29168	0.29216	0.292809	0.293615	0.29455	0.295563	0.296586	0.297536	0.298324	0.298867	0.299097	0.298978	0.298507	0.297721	0.296702	0.295552	0.29398	0.29398	
0.295857	0.295857	0.294663	0.294039	0.293567	0.293208	0.292938	0.292732	0.292579	0.292479	0.29244	0.292477	0.292609	0.292855	0.29323	0.29374	0.294384	0.295144	0.295987	0.296865	0.297715	0.298468	0.299053	0.299408	0.29949	0.299281	0.298794	0.298068	0.297176	0.2962	0.294905	0.294905	
0.296128	0.296128	0.295063	0.294501	0.294077	0.293763	0.29354	0.293388	0.293297	0.293267	0.293303	0.293418	0.293624	0.293933	0.294354	0.294888	0.295526	0.296247	0.297018	0.297791	0.298512	0.299122	0.299565	0.299797	0.29979	0.299541	0.299071	0.298419	0.297652	0.296835	0.29578	0.29578	
0.296139	0.296139	0.295217	0.294718	0.29434	0.294064	0.293878	0.293768	0.293726	0.293753	0.293852	0.294032	0.2943	0.294665	0.295128	0.295686	0.296326	0.297023	0.297744	0.298445	0.299078	0.299592	0.299943	0.300099	0.300045	0.299788	0.299351	0.298777	0.298123	0.297446	0.296604	0.296604	
0.295943	0.295943	0.295172	0.294736	0.294398	0.294151	0.293991	0.293911	0.293907	0.293979	0.29413	0.294367	0.294694	0.295112	0.295621	0.29621	0.296865	0.297558	0.298256	0.298918	0.299498	0.299955	0.300253	0.300369	0.300295	0.300044	0.299646	0.299141	0.298584	0.298027	0.297371	0.297371	
0.295598	0.295598	0.294981	0.2946	0.294292	0.294061	0.293914	0.293851	0.293872	0.29398	0.294178	0.294468	0.294851	0.295327	0.295889	0.296525	0.297213	0.297926	0.298629	0.299283	0.299846	0.30028	0.300555	0.300653	0.300574	0.300335	0.299967	0.299513	0.299029	0.298565	0.298072	0.298072	
0.295174	0.295174	0.294701	0.294361	0.294065	0.293833	0.293684	0.293625	0.293662	0.293797	0.294035	0.294376	0.294819	0.295359	0.295986	0.296683	0.297426	0.298185	0.298923	0.299601	0.300177	0.300615	0.30089	0.300986	0.300907	0.300672	0.300316	0.299887	0.299444	0.299041	0.29868	0.29868	
0.294754	0.294754	0.294394	0.294065	0.293753	0.293498	0.293329	0.29326	0.293301	0.293458	0.293732	0.294125	0.294631	0.295244	0.29595	0.296728	0.297551	0.298385	0.29919	0.299923	0.300543	0.301013	0.301305	0.301407	0.301322	0.301074	0.300701	0.300259	0.299812	0.299428	0.299153	0.299153	
0.29441	0.29441	0.294062	0.293652	0.293245	0.292904	0.29267	0.292563	0.292595	0.292771	0.293093	0.293558	0.294161	0.294892	0.295733	0.296661	0.297641	0.298634	0.299591	0.300462	0.301197	0.301751	0.302091	0.302201	0.302083	0.301765	0.301294	0.300738	0.30018	0.299715	0.299436	0.299436	
0.29441	0.29441	0.294062	0.293652	0.293245	0.292904	0.29267	0.292563	0.292595	0.292771	0.293093	0.293558	0.294161	0.294892	0.295733	0.296661	0.297641	0.298634	0.299591	0.300462	0.301197	0.301751	0.302091	0.302201	0.302083	0.301765	0.301294	0.300738	0.30018	0.299715	0.299436	0.299436	
