0	
-0.00310809	
-0.00602577	
-0.00870651	
-0.0111453	
-0.0133594	
-0.0153731	
-0.0172097	
-0.0188886	
-0.0204253	
-0.0218324	
-0.0231206	
-0.0243	
-0.0253802	
-0.0263708	
-0.0272814	
-0.0281214	
-0.0288999	
-0.0296257	
-0.0303071	
-0.0309519	
-0.0315674	
-0.0321603	
-0.0327366	
-0.0333021	
-0.0338618	
-0.0344204	
-0.0349819	
-0.0355501	
-0.0361282	
-0.0367193	
-0.0373258	
-0.03795	
-0.038594	
-0.0392595	
-0.039948	
-0.040661	
-0.0413995	
-0.0421648	
-0.0429577	
-0.043779	
-0.0446297	
-0.0455103	
-0.0464215	
-0.047364	
-0.0483383	
-0.0493448	
-0.0503842	
-0.0514569	
-0.0525633	
-0.053704	
-0.0548792	
-0.0560893	
-0.0573348	
-0.058616	
-0.0599332	
-0.0612867	
-0.0626767	
-0.0641034	
-0.0655671	
-0.0670678	
-0.0686057	
-0.0701807	
-0.0717928	
-0.073442	
-0.075128	
-0.0768507	
-0.0786095	
-0.0804041	
-0.0822339	
-0.0840981	
-0.0859959	
-0.0879262	
-0.0898877	
-0.0918788	
-0.0938977	
-0.0959421	
-0.0980095	
-0.100097	
-0.1022	
-0.104314	
-0.106434	
-0.108554	
-0.110665	
-0.112757	
-0.11482	
-0.116838	
-0.118796	
-0.120674	
-0.122448	
-0.12409	
-0.125567	
-0.12684	
-0.127863	
-0.128584	
-0.128942	
-0.128865	
-0.128275	
-0.127081	
-0.125179	
-0.122457	
-0.118788	
-0.114033	
-0.108041	
-0.100648	
-0.0916795	
-0.0809498	
-0.0682647	
-0.0534229	
-0.0362184	
-0.0164433	
0.00610893	
0.0316398	
0.0603415	
0.0923927	
0.127954	
0.167161	
0.210123	
0.256914	
0.307571	
0.362085	
0.420403	
0.482423	
0.547989	
0.616895	
0.688877	
0.763612	
0.840707	
0.919683	
1	
