0.208429	0.25937	0.368189	0.444936	0.503075	0.551291	0.591104	0.624565	0.653335	0.678399	0.700556	0.720173	0.737926	0.753373	0.767937	0.778922	0.790342	0.79936	0.805573	0.809802	0.811448	0.810029	0.805114	0.796184	0.782302	0.762655	0.734623	0.696324	0.636796	0.553961	0.392816	0.298384	
0.00693869	0.0158894	0.0793488	0.139363	0.197252	0.251497	0.300683	0.345135	0.38537	0.421832	0.45504	0.485224	0.512969	0.537763	0.561087	0.579878	0.598776	0.614096	0.625637	0.634057	0.638487	0.638242	0.63259	0.620613	0.600922	0.572019	0.530758	0.474342	0.394379	0.294507	0.156552	0.087061	
-0.0302844	-0.0479193	-0.0291661	0.00322005	0.0427929	0.0852041	0.127547	0.168563	0.207666	0.244596	0.279334	0.311793	0.342211	0.370018	0.39638	0.418209	0.440203	0.45816	0.472097	0.482426	0.488134	0.488428	0.482398	0.468915	0.446469	0.413361	0.366919	0.305081	0.224587	0.134964	0.0413774	0.00904732	
-0.027236	-0.050501	-0.055634	-0.0453648	-0.0246922	0.00250719	0.0331233	0.0652515	0.0976993	0.129716	0.160859	0.190764	0.219343	0.245967	0.271476	0.292801	0.314558	0.332219	0.345968	0.356011	0.361275	0.360932	0.35401	0.339342	0.315515	0.281032	0.234187	0.174666	0.103968	0.034389	-0.0208142	-0.0244805	
-0.0191588	-0.0401162	-0.053577	-0.0552804	-0.0475236	-0.0326478	-0.0130022	0.00964694	0.0340195	0.0592009	0.0845482	0.109543	0.133882	0.156903	0.179192	0.197711	0.216978	0.232258	0.243871	0.251866	0.255182	0.253019	0.244447	0.228416	0.203812	0.1697	0.125671	0.0734302	0.0177759	-0.0284642	-0.0515139	-0.0358288	
-0.0125771	-0.029452	-0.0441249	-0.0511425	-0.0509558	-0.0445714	-0.0334481	-0.0189104	-0.00204659	0.0162826	0.0354042	0.0547582	0.0739307	0.0922728	0.110187	0.124688	0.14022	0.151912	0.160229	0.165109	0.165564	0.160887	0.150284	0.132967	0.108297	0.0761323	0.0374065	-0.00452649	-0.0432682	-0.0673001	-0.0653234	-0.0375018	
-0.00808337	-0.0212721	-0.0347298	-0.043672	-0.0476172	-0.0467387	-0.0417958	-0.0336551	-0.0231298	-0.0109305	0.00233459	0.0161359	0.0300248	0.0434004	0.0565375	0.0665504	0.0778071	0.085371	0.0898747	0.0911865	0.0884515	0.0811098	0.0685972	0.0504996	0.0267664	-0.00189275	-0.0334171	-0.0634506	-0.0853289	-0.0899445	-0.0697061	-0.0352724	
-0.00521468	-0.0156152	-0.0273834	-0.0368101	-0.0430271	-0.0457541	-0.0452793	-0.0421016	-0.0367761	-0.0298449	-0.0218149	-0.0131503	-0.00428875	0.00424072	0.0126229	0.0181206	0.025023	0.028372	0.0290188	0.0267903	0.0210198	0.0113486	-0.00248823	-0.0204649	-0.0420235	-0.0657023	-0.0886856	-0.106304	-0.112572	-0.101251	-0.0686669	-0.0316672	
-0.00345045	-0.0119292	-0.0222508	-0.0316846	-0.0392566	-0.0444707	-0.0473228	-0.0480476	-0.0469917	-0.0445448	-0.0411076	-0.0370673	-0.0328252	-0.0288253	-0.0249466	-0.0237268	-0.0209714	-0.0216166	-0.0245362	-0.0299243	-0.03821	-0.0495136	-0.0637633	-0.0804892	-0.0985999	-0.116097	-0.129836	-0.135426	-0.128146	-0.104637	-0.0646647	-0.0278343	
-0.00240206	-0.00964706	-0.0189481	-0.0283268	-0.0368327	-0.0438863	-0.049314	-0.0531716	-0.0556502	-0.0570142	-0.0575671	-0.0576193	-0.0575219	-0.0576283	-0.0578605	-0.0605117	-0.0615013	-0.0657032	-0.0716616	-0.0795808	-0.0896172	-0.10164	-0.115243	-0.129572	-0.14315	-0.153711	-0.158177	-0.15286	-0.134586	-0.10256	-0.0591568	-0.0242242	
-0.00180645	-0.0083167	-0.0169991	-0.0264053	-0.0356556	-0.0441553	-0.0516387	-0.058047	-0.06346	-0.068044	-0.0720189	-0.0756234	-0.0791511	-0.0828633	-0.0867074	-0.0926978	-0.096886	-0.104046	-0.112353	-0.12202	-0.132917	-0.144677	-0.156607	-0.167573	-0.175894	-0.179305	-0.175104	-0.160557	-0.134056	-0.0968658	-0.0530122	-0.0209718	
-0.00149017	-0.00760445	-0.0159785	-0.0255141	-0.0354103	-0.045087	-0.0542336	-0.0627201	-0.070549	-0.077812	-0.0846583	-0.0912615	-0.0978536	-0.104607	-0.111476	-0.12018	-0.126913	-0.136322	-0.146195	-0.156762	-0.167619	-0.178204	-0.187614	-0.194566	-0.197358	-0.193948	-0.182211	-0.160454	-0.128468	-0.0889737	-0.0467608	-0.0180913	
-0.00133895	-0.00727212	-0.0155473	-0.0252831	-0.0357473	-0.0463851	-0.0568669	-0.0670204	-0.0767949	-0.0862247	-0.0953995	-0.104434	-0.113497	-0.122676	-0.13192	-0.142649	-0.151208	-0.162099	-0.172734	-0.183378	-0.193385	-0.202063	-0.208389	-0.211059	-0.208509	-0.199068	-0.181287	-0.154455	-0.119485	-0.0799559	-0.0407219	-0.0155585	
-0.00127924	-0.0071554	-0.0154507	-0.0254099	-0.0363545	-0.0477547	-0.0592763	-0.0707219	-0.0820036	-0.0931108	-0.104082	-0.114979	-0.125907	-0.136876	-0.147816	-0.159867	-0.16952	-0.181132	-0.191775	-0.201769	-0.21028	-0.216554	-0.21954	-0.218027	-0.2107	-0.196341	-0.174175	-0.144329	-0.1085	-0.0706069	-0.0351008	-0.0133526	
-0.00125011	-0.0071242	-0.0154938	-0.0256554	-0.0369725	-0.0489384	-0.0612207	-0.0736073	-0.0859827	-0.0982995	-0.110552	-0.122751	-0.134943	-0.147066	-0.159026	-0.171715	-0.18176	-0.193388	-0.20339	-0.212164	-0.218753	-0.222409	-0.222131	-0.216877	-0.205636	-0.187656	-0.162756	-0.131703	-0.0966518	-0.0614736	-0.0299804	-0.0114311	
-0.00122747	-0.00712046	-0.0155787	-0.0258829	-0.0374402	-0.0497705	-0.0625476	-0.0755502	-0.0886409	-0.101741	-0.114803	-0.127793	-0.1407	-0.1534	-0.165766	-0.178478	-0.188293	-0.199332	-0.208159	-0.215279	-0.21968	-0.220681	-0.217401	-0.209015	-0.194839	-0.174548	-0.148437	-0.117697	-0.0846597	-0.0528897	-0.0254928	-0.00984499	
-0.00130861	-0.00724067	-0.0156844	-0.0260148	-0.0376621	-0.0501613	-0.0631891	-0.0765151	-0.0899835	-0.103488	-0.116948	-0.130288	-0.14345	-0.156258	-0.168546	-0.180876	-0.190048	-0.20012	-0.207539	-0.212886	-0.215152	-0.213756	-0.207967	-0.197195	-0.181056	-0.15958	-0.133403	-0.103947	-0.0735148	-0.0452406	-0.0215289	-0.00840461	
-0.00134545	-0.00724939	-0.0156	-0.0258615	-0.0374723	-0.0499768	-0.0630521	-0.0764594	-0.0900259	-0.103621	-0.117133	-0.130452	-0.143476	-0.155991	-0.167804	-0.17935	-0.187529	-0.196352	-0.202152	-0.205635	-0.20583	-0.202284	-0.194439	-0.181939	-0.164682	-0.142979	-0.117693	-0.0903182	-0.0629781	-0.0382977	-0.0180638	-0.00718896	
-0.00126697	-0.00706165	-0.0152699	-0.0253554	-0.036777	-0.0490953	-0.0619912	-0.0752203	-0.0885955	-0.101965	-0.115193	-0.128138	-0.140667	-0.152537	-0.163535	-0.17403	-0.180988	-0.188403	-0.192579	-0.194329	-0.192758	-0.187544	-0.178299	-0.164866	-0.147354	-0.126259	-0.102548	-0.0776723	-0.0535089	-0.0322139	-0.0150931	-0.00616683	
-0.00119197	-0.00683829	-0.0147954	-0.0245859	-0.0356841	-0.0476637	-0.0602094	-0.0730716	-0.0860513	-0.0989791	-0.111696	-0.124038	-0.135849	-0.146866	-0.15686	-0.166175	-0.171824	-0.177811	-0.180453	-0.180663	-0.17764	-0.171192	-0.161083	-0.147322	-0.13017	-0.110231	-0.0884883	-0.0662782	-0.0452058	-0.0270071	-0.0126016	-0.00532121	
-0.00107379	-0.006506	-0.0141237	-0.0235149	-0.0341678	-0.0456723	-0.057718	-0.0700528	-0.0824682	-0.0947807	-0.106815	-0.118389	-0.12933	-0.139368	-0.148262	-0.156363	-0.160716	-0.165358	-0.166643	-0.165574	-0.161451	-0.154196	-0.143705	-0.13011	-0.113773	-0.0953408	-0.0757566	-0.0562043	-0.0380224	-0.0225884	-0.0105225	-0.00462479	
-0.000927029	-0.00609388	-0.0132892	-0.0221838	-0.0322832	-0.0431963	-0.0546205	-0.066303	-0.0780291	-0.0896048	-0.100843	-0.111549	-0.121542	-0.130551	-0.138329	-0.145253	-0.148397	-0.151835	-0.15198	-0.149911	-0.145029	-0.137349	-0.126873	-0.113818	-0.0986005	-0.0818658	-0.0644776	-0.0474558	-0.0318966	-0.018882	-0.00880537	-0.0040573	
-0.000752246	-0.00560462	-0.0123019	-0.0206144	-0.0300676	-0.0402931	-0.0509991	-0.061935	-0.072883	-0.0836425	-0.0940189	-0.103812	-0.112835	-0.120825	-0.127534	-0.133375	-0.135447	-0.137865	-0.137108	-0.134318	-0.128985	-0.121201	-0.111045	-0.0987885	-0.0848658	-0.0698902	-0.054629	-0.039942	-0.0267145	-0.01579	-0.0073917	-0.00359546	
-0.000552233	-0.00504664	-0.0111796	-0.0188361	-0.027565	-0.0370249	-0.0469374	-0.0570574	-0.0671673	-0.0770639	-0.0865493	-0.0954217	-0.103495	-0.110519	-0.116244	-0.12113	-0.122293	-0.123891	-0.122469	-0.119216	-0.1137	-0.106068	-0.0964553	-0.0851588	-0.0726082	-0.0593662	-0.0460997	-0.0335223	-0.0223415	-0.0132105	-0.00622562	-0.00321844	
-0.000328961	-0.00442636	-0.0099369	-0.0168744	-0.0248144	-0.033446	-0.0425071	-0.0517609	-0.0609934	-0.0700027	-0.0785921	-0.086562	-0.0937312	-0.0998638	-0.104714	-0.108786	-0.109212	-0.110191	-0.108324	-0.104835	-0.0993584	-0.0920766	-0.083159	-0.0729112	-0.0617416	-0.0501548	-0.0387215	-0.0280277	-0.0186339	-0.0110424	-0.00525387	-0.00290682	
-8.32166e-05	-0.00374817	-0.00858604	-0.0147521	-0.0218506	-0.0296035	-0.0377674	-0.0461168	-0.0544446	-0.0625541	-0.070254	-0.0773509	-0.0836716	-0.0889976	-0.0930878	-0.0964854	-0.0963418	-0.096888	-0.0947712	-0.0912427	-0.0859835	-0.0791987	-0.0710758	-0.0619146	-0.0520938	-0.0420588	-0.0322938	-0.0232762	-0.0154468	-0.00918777	-0.00442641	-0.00264267	
0.000185516	-0.00301463	-0.00713803	-0.0124904	-0.0187051	-0.0255379	-0.0327659	-0.0401773	-0.0475757	-0.0547738	-0.06159	-0.0678414	-0.0733659	-0.0779639	-0.0814002	-0.0842518	-0.0836875	-0.0839676	-0.0817713	-0.0783659	-0.0734682	-0.0672907	-0.0600272	-0.0519622	-0.0434406	-0.0348521	-0.0266051	-0.0190871	-0.0126423	-0.00755601	-0.00369794	-0.00241015	
0.000477814	-0.00222942	-0.00560757	-0.0101152	-0.0154127	-0.0212889	-0.0275427	-0.0339788	-0.0404158	-0.0466807	-0.0526062	-0.0580247	-0.0627888	-0.0667193	-0.0695893	-0.072001	-0.0711419	-0.0712986	-0.069167	-0.0660226	-0.0616057	-0.0561248	-0.0497697	-0.0428034	-0.0355351	-0.0283032	-0.0214514	-0.0152937	-0.010097	-0.00606774	-0.00302945	-0.00219581	
0.000791862	-0.00140235	-0.00402238	-0.00766713	-0.0120212	-0.0169037	-0.0221372	-0.0275472	-0.0329726	-0.0382601	-0.0432629	-0.0478336	-0.051844	-0.0551384	-0.0575013	-0.0595509	-0.0584953	-0.0586467	-0.0567036	-0.0539405	-0.0501128	-0.0454136	-0.0400208	-0.0341695	-0.0281314	-0.0221971	-0.0166546	-0.0117577	-0.00771223	-0.00466098	-0.00239215	-0.00199004	
0.00110871	-0.00056923	-0.00244524	-0.00522235	-0.00860776	-0.012449	-0.016597	-0.020904	-0.0252359	-0.0294666	-0.0334758	-0.0371431	-0.040365	-0.0430129	-0.0448909	-0.0466216	-0.0454425	-0.045682	-0.0440371	-0.0417689	-0.0386433	-0.0348275	-0.0304781	-0.0257949	-0.0210078	-0.0163593	-0.0120858	-0.00839048	-0.00543151	-0.00330178	-0.0017698	-0.00178269	
0.00134538	0.000150834	-0.00102837	-0.0029334	-0.00531001	-0.00803499	-0.0109957	-0.0140808	-0.0171914	-0.0202363	-0.0231289	-0.0257827	-0.0281253	-0.0300594	-0.0314277	-0.032837	-0.0315997	-0.0319865	-0.0307437	-0.0290865	-0.0267987	-0.024007	-0.020836	-0.0174393	-0.0139943	-0.0106874	-0.00769992	-0.00518581	-0.00326415	-0.00198986	-0.0011467	-0.00153875	
0.00133002	0.000625356	2.28199e-05	-0.00100784	-0.00230431	-0.00379208	-0.00540999	-0.0070963	-0.0087979	-0.0104663	-0.0120561	-0.0135213	-0.0148264	-0.0159131	-0.0166961	-0.0176739	-0.0165513	-0.0170469	-0.0163278	-0.0154096	-0.0141341	-0.0125691	-0.0107915	-0.00889148	-0.0069753	-0.00515544	-0.00354286	-0.00223407	-0.00130949	-0.0008062	-0.000592459	-0.00118467	
