0	
0.00681628	
0.0131895	
0.0191028	
0.0245492	
0.029531	
0.0340568	
0.0381394	
0.0417945	
0.0450395	
0.0478933	
0.0503758	
0.0525082	
0.0543118	
0.0558088	
0.057021	
0.0579703	
0.0586781	
0.059165	
0.0594509	
0.0595544	
0.0594932	
0.0592836	
0.0589409	
0.058479	
0.0579105	
0.0572469	
0.0564985	
0.0556745	
0.054783	
0.0538314	
0.0528261	
0.0517725	
0.0506757	
0.0495399	
0.0483689	
0.0471658	
0.0459336	
0.0446746	
0.0433909	
0.0420846	
0.0407571	
0.0394098	
0.0380441	
0.0366609	
0.0352611	
0.0338457	
0.0324152	
0.0309702	
0.0295114	
0.0280391	
0.0265536	
0.0250553	
0.0235443	
0.0220209	
0.0204852	
0.0189372	
0.017377	
0.0158045	
0.0142197	
0.0126226	
0.0110129	
0.00939062	
0.00775553	
0.00610747	
0.00444626	
0.00277171	
0.00108365	
-0.000618103	
-0.00233371	
-0.00406332	
-0.00580703	
-0.00756492	
-0.00933702	
-0.0111233	
-0.0129236	
-0.0147378	
-0.0165657	
-0.0184067	
-0.0202605	
-0.0221264	
-0.0240036	
-0.0258911	
-0.0277877	
-0.029692	
-0.0316024	
-0.0335169	
-0.0354332	
-0.0373489	
-0.0392608	
-0.0411656	
-0.0430593	
-0.0449376	
-0.0467955	
-0.0486275	
-0.0504272	
-0.0521879	
-0.0539017	
-0.0555602	
-0.0571539	
-0.0586728	
-0.0601056	
-0.0614401	
-0.0626634	
-0.0637614	
-0.0647191	
-0.0655207	
-0.0661493	
-0.0665874	
-0.0668167	
-0.0668182	
-0.0665724	
-0.0660597	
-0.06526	
-0.0641534	
-0.0627203	
-0.0609413	
-0.058798	
-0.0562727	
-0.0533492	
-0.0500123	
-0.0462488	
-0.0420469	
-0.0373972	
-0.0322925	
-0.0267293	
-0.0207082	
-0.0142359	
-0.00732626	
0	
