0.147259	0.123984	0.0917474	0.0703975	0.0533143	0.0409132	0.0322248	0.0259785	0.0214103	0.0180009	0.015373	0.0132759	0.0115295	0.00999805	0.00862409	0.00715194	0.00555002	0.00417804	0.00260528	0.000764723	-0.00130135	-0.00366771	-0.00640232	-0.00959665	-0.0134063	-0.0182119	-0.024729	-0.0351033	-0.0534541	-0.0906349	-0.144341	-0.194337	
0.214714	0.194411	0.160168	0.13189	0.106972	0.0878785	0.0735259	0.0625011	0.0539409	0.0471795	0.0416903	0.0371058	0.0331158	0.0295015	0.0260896	0.0224175	0.0186057	0.0150047	0.0108007	0.00593957	0.000430965	-0.00593766	-0.0133595	-0.0221231	-0.0327174	-0.0462015	-0.0645451	-0.0925682	-0.137917	-0.213166	-0.301495	-0.348999	
0.17731	0.210605	0.204061	0.183591	0.160484	0.139736	0.122182	0.107603	0.095555	0.0855234	0.0770186	0.0696452	0.0630098	0.0568359	0.0508048	0.0443902	0.0377993	0.0310049	0.0231574	0.0141511	0.00381715	-0.00821147	-0.0223093	-0.039042	-0.0593172	-0.0848551	-0.118571	-0.165857	-0.232049	-0.318797	-0.391275	-0.37578	
0.146727	0.201372	0.214027	0.206766	0.191675	0.1748	0.158613	0.143983	0.13107	0.119726	0.109662	0.100572	0.0920899	0.0839246	0.0757036	0.0668744	0.0575935	0.0476505	0.0361532	0.0228803	0.00749724	-0.0104976	-0.0316633	-0.0568044	-0.0871355	-0.124673	-0.172363	-0.234112	-0.31066	-0.393346	-0.438279	-0.367153	
0.121269	0.183575	0.209436	0.214252	0.208176	0.197219	0.184576	0.171835	0.159699	0.148386	0.137845	0.127897	0.118248	0.108617	0.0986251	0.0877095	0.0759317	0.0629983	0.0479444	0.0304434	0.0100243	-0.0139322	-0.0421352	-0.0755437	-0.115485	-0.163829	-0.222675	-0.293251	-0.371227	-0.440218	-0.454604	-0.344072	
0.10306	0.166281	0.199443	0.212905	0.214487	0.209428	0.200983	0.191047	0.180648	0.170267	0.160046	0.149924	0.139685	0.129068	0.117709	0.105044	0.0910146	0.0753176	0.0569067	0.0353758	0.0101517	-0.0194615	-0.0542492	-0.0951852	-0.143441	-0.200271	-0.266274	-0.33964	-0.411733	-0.461696	-0.446932	-0.311515	
0.090058	0.151399	0.188219	0.207403	0.214783	0.214716	0.21021	0.203204	0.194864	0.18582	0.176339	0.166446	0.155983	0.144708	0.132271	0.118113	0.102054	0.0838215	0.0622918	0.0370151	0.00736266	-0.0273759	-0.0679577	-0.115198	-0.169837	-0.232168	-0.301018	-0.371826	-0.433014	-0.462307	-0.423305	-0.276002	
0.080648	0.139132	0.177359	0.200014	0.211463	0.215263	0.21407	0.209717	0.203384	0.195759	0.187171	0.177691	0.167199	0.15546	0.142137	0.126678	0.108786	0.0882447	0.063872	0.035218	0.00165235	-0.0374719	-0.0827648	-0.134713	-0.193416	-0.258044	-0.325731	-0.389835	-0.437313	-0.446858	-0.389853	-0.240866	
0.0735624	0.12894	0.167221	0.191749	0.205865	0.212474	0.213871	0.211722	0.207149	0.200832	0.193114	0.184084	0.173635	0.161534	0.147446	0.130835	0.111303	0.0887016	0.0618234	0.0302645	-0.00654755	-0.0491142	-0.0977869	-0.152595	-0.212894	-0.276754	-0.339937	-0.394538	-0.427385	-0.419763	-0.351057	-0.207598	
0.0679241	0.120197	0.157705	0.182986	0.198683	0.207197	0.210498	0.210064	0.20692	0.201703	0.194736	0.186104	0.175697	0.16328	0.148515	0.130894	0.109936	0.0855679	0.0566054	0.0227321	-0.0165084	-0.0613999	-0.111954	-0.167679	-0.227195	-0.287645	-0.34387	-0.387505	-0.406301	-0.385038	-0.310352	-0.177071	
0.0631421	0.112364	0.148574	0.173826	0.190286	0.199972	0.204574	0.205389	0.203329	0.198965	0.192587	0.184256	0.173857	0.161146	0.145789	0.127312	0.105183	0.0794065	0.048873	0.0133887	-0.0273384	-0.0733257	-0.124209	-0.178981	-0.235629	-0.290637	-0.338402	-0.370787	-0.377177	-0.346114	-0.27017	-0.149661	
0.0588329	0.105039	0.139604	0.164275	0.180891	0.191172	0.196574	0.198227	0.196927	0.193175	0.187214	0.179082	0.168649	0.155671	0.139823	0.120674	0.0976776	0.0709172	0.039405	0.00309418	-0.0381106	-0.0839425	-0.13367	-0.185842	-0.237975	-0.286193	-0.324889	-0.346672	-0.342928	-0.305744	-0.23211	-0.125444	
0.0547607	0.0979551	0.130631	0.154334	0.17066	0.181093	0.186894	0.18904	0.188222	0.184866	0.17917	0.171146	0.160657	0.147461	0.131253	0.111653	0.0881431	0.0608784	0.0290328	-0.00728472	-0.0479615	-0.0924612	-0.139736	-0.187999	-0.234491	-0.27526	-0.305047	-0.317527	-0.306159	-0.266043	-0.197156	-0.104338	
0.0507529	0.0909012	0.121512	0.143972	0.159684	0.16994	0.175831	0.178199	0.177637	0.174503	0.168953	0.160978	0.150438	0.137102	0.120697	0.1009	0.0772575	0.0499903	0.0184602	-0.0170713	-0.0562909	-0.0984311	-0.142204	-0.185617	-0.225831	-0.259056	-0.280634	-0.285453	-0.26889	-0.228399	-0.165746	-0.0861316	
0.0468449	0.0839078	0.112333	0.133373	0.148258	0.158112	0.163877	0.166277	0.165819	0.1628	0.157341	0.149417	0.138893	0.125558	0.109176	0.0894845	0.0661198	0.039362	0.00876214	-0.025285	-0.0622923	-0.101319	-0.140927	-0.179048	-0.212919	-0.23909	-0.253624	-0.252607	-0.233033	-0.194032	-0.138275	-0.0707077	
0.0429863	0.0769493	0.103113	0.122609	0.13651	0.145784	0.151243	0.153506	0.153002	0.149978	0.144526	0.136614	0.126118	0.112857	0.0966436	0.0772682	0.0545225	0.0286783	-0.000483814	-0.0324632	-0.0666249	-0.101913	-0.136822	-0.169326	-0.196875	-0.216486	-0.225009	-0.21964	-0.198674	-0.162349	-0.113653	-0.0570873	
0.0376848	0.0683531	0.092215	0.110116	0.122957	0.131564	0.136634	0.138698	0.138116	0.135095	0.129707	0.121918	0.11162	0.0986667	0.0829188	0.0642301	0.0424909	0.0180209	-0.00924033	-0.0387144	-0.069669	-0.100996	-0.131202	-0.158386	-0.180285	-0.194419	-0.19838	-0.190288	-0.169376	-0.136521	-0.094626	-0.0474169	
0.0346561	0.0623893	0.0839856	0.10026	0.111989	0.119878	0.124518	0.126359	0.125706	0.12273	0.11749	0.109956	0.100042	0.0876339	0.0726427	0.0549855	0.0346179	0.0119262	-0.0130494	-0.0396864	-0.0672117	-0.0945319	-0.120237	-0.142614	-0.159727	-0.169578	-0.170382	-0.160957	-0.14114	-0.112103	-0.0765236	-0.0375909	
0.0303865	0.0550019	0.0743082	0.0889393	0.0995278	0.106659	0.110827	0.112406	0.111652	0.108709	0.103624	0.0963756	0.0869004	0.0751227	0.0609997	0.0444967	0.025683	0.00492678	-0.0176011	-0.0412689	-0.06529	-0.0886229	-0.109981	-0.127877	-0.140715	-0.146957	-0.145363	-0.135292	-0.116983	-0.091715	-0.0618464	-0.0300199	
0.0265429	0.0482274	0.0653404	0.0783837	0.0878637	0.094258	0.0979729	0.0993207	0.0985144	0.0956738	0.0908417	0.0840062	0.0751244	0.0641538	0.0510922	0.0359449	0.0188535	0.000186338	-0.0198102	-0.0405199	-0.0611781	-0.0808273	-0.0983287	-0.112426	-0.121841	-0.125424	-0.122359	-0.112376	-0.0959386	-0.0743024	-0.049497	-0.0237118	
0.022787	0.0416047	0.0565746	0.0680639	0.076456	0.0821273	0.0854055	0.086546	0.085725	0.0830437	0.0785413	0.0722156	0.0640437	0.0540108	0.0421484	0.0284945	0.0132382	-0.00325769	-0.0207024	-0.038516	-0.0559829	-0.0722511	-0.0863428	-0.0972269	-0.103908	-0.105559	-0.101678	-0.0922408	-0.0778112	-0.0595524	-0.0391812	-0.018501	
0.019222	0.0353184	0.0482498	0.0582566	0.0656095	0.0705941	0.0734683	0.074438	0.0736483	0.0711848	0.0670845	0.0613535	0.0539849	0.0449852	0.0344101	0.0223203	0.00893098	-0.0054083	-0.0203886	-0.0354801	-0.0500331	-0.063308	-0.074485	-0.0827371	-0.0873091	-0.087627	-0.0834144	-0.0747986	-0.0623691	-0.0471647	-0.0306236	-0.0142276	
0.0158833	0.0294191	0.0404227	0.0490207	0.0553835	0.0597167	0.0622175	0.0630493	0.0623305	0.0601338	0.0564944	0.0514244	0.0449292	0.0370294	0.027796	0.0173024	0.00576901	-0.00647169	-0.0191164	-0.0316943	-0.0436319	-0.0543026	-0.0630337	-0.0691756	-0.0721684	-0.0716286	-0.0674337	-0.0597929	-0.049275	-0.0367867	-0.0235262	-0.0107129	
0.0128063	0.0239682	0.0331721	0.0404458	0.0458733	0.0495921	0.0517483	0.0524693	0.0518515	0.0499567	0.0468175	0.0424501	0.0368673	0.0300979	0.0222186	0.0133072	0.00357261	-0.00667375	-0.0171514	-0.0274531	-0.0370851	-0.0455281	-0.0522408	-0.0567226	-0.058567	-0.0575288	-0.0535845	-0.0469779	-0.038232	-0.0281251	-0.0176531	-0.0078241	
0.0100236	0.0190187	0.0265624	0.0326005	0.0371475	0.0402857	0.0421199	0.0427484	0.0422491	0.0406744	0.0380541	0.0344059	0.0297461	0.0241053	0.0175587	0.0101807	0.00215543	-0.00622911	-0.014728	-0.0229982	-0.0306251	-0.0371878	-0.0422586	-0.0454579	-0.0464961	-0.0452246	-0.041678	-0.0361037	-0.0289656	-0.020924	-0.0128068	-0.00545275	
0.00756476	0.0146175	0.0206485	0.0255425	0.0292627	0.0318505	0.0333788	0.0339231	0.0335465	0.0322928	0.0301886	0.0272508	0.0234958	0.0189514	0.0136854	0.00776224	0.00133196	-0.00534217	-0.0120586	-0.0185369	-0.0244382	-0.0294293	-0.0331789	-0.0354038	-0.0359011	-0.0345862	-0.0315224	-0.0269406	-0.0212401	-0.0149742	-0.00883137	-0.00351589	
0.00545847	0.0108063	0.0154776	0.0193199	0.0222658	0.02433	0.0255631	0.0260232	0.0257609	0.0248127	0.0232012	0.0209408	0.0180459	0.014538	0.0104731	0.0059023	0.000933678	-0.00419364	-0.00932455	-0.0142391	-0.0186682	-0.0223562	-0.0250522	-0.026549	-0.0267067	-0.0254805	-0.0229418	-0.019292	-0.0148636	-0.0101124	-0.00561053	-0.00195429	
0.00373039	0.00761668	0.0110828	0.0139658	0.0161902	0.0177574	0.0187035	0.0190736	0.0189077	0.0182353	0.0170745	0.0154366	0.0133319	0.0107751	0.00780779	0.00446648	0.000810499	-0.00294275	-0.00668259	-0.0102473	-0.013431	-0.0160461	-0.0179089	-0.0188718	-0.01884	-0.0177913	-0.0157912	-0.0130035	-0.00969244	-0.00622343	-0.00306781	-0.000731989	
0.00241277	0.00508008	0.00749447	0.00951262	0.0110731	0.012175	0.0128456	0.0131191	0.0130261	0.0125888	0.0118207	0.0107295	0.00932194	0.0076058	0.00560827	0.00335432	0.000846149	-0.00171674	-0.00425896	-0.00667691	-0.00882018	-0.0105608	-0.0117716	-0.012352	-0.0122397	-0.0114235	-0.00995457	-0.00795384	-0.00561717	-0.00322222	-0.00114862	0.000177788	
0.0015271	0.0032133	0.00473918	0.00600146	0.00697316	0.00765766	0.00807574	0.00825186	0.00820714	0.00795663	0.00750912	0.0068691	0.00604067	0.00502685	0.00384123	0.00251081	0.00096453	-0.000612605	-0.00215651	-0.00362972	-0.00492626	-0.00597017	-0.00668133	-0.00699702	-0.00687851	-0.00631947	-0.00535258	-0.00405569	-0.00255726	-0.00104894	0.00017647	0.000783482	
0.000952502	0.00180106	0.00257169	0.00318879	0.00365897	0.00398853	0.00418945	0.00427551	0.0042581	0.00414515	0.00394104	0.00364767	0.00326804	0.00280256	0.00225507	0.00168174	0.000900157	9.15353e-05	-0.000647613	-0.00136853	-0.00199728	-0.00250076	-0.00283843	-0.00297803	-0.0028993	-0.00259784	-0.00208832	-0.00140806	-0.000620353	0.000170744	0.000773984	0.000991394	
0.00130659	0.00178348	0.00209649	0.00231761	0.00248027	0.00259328	0.00266187	0.00269144	0.00268622	0.00264912	0.00258172	0.00248462	0.0023596	0.00220663	0.00202694	0.00186349	0.00157081	0.00125731	0.00100009	0.00074217	0.000519058	0.000341155	0.000223119	0.00017717	0.000211181	0.00032751	0.000521908	0.000781943	0.00108503	0.00138558	0.00157331	0.00145284	
