49.636180 
69.028816 
77.933710 
82.602999 
85.277399 
86.864932 
87.771865 
88.187128 
88.187128 
87.771864 
86.864930 
85.277397 
82.602996 
77.933708 
69.028814 
49.636178 
49.636180 
69.028816 
77.933710 
82.602999 
85.277399 
86.864932 
87.771865 
88.187128 
88.187128 
87.771864 
86.864930 
85.277397 
82.602996 
77.933708 
69.028814 
49.636178 
29.515902 
48.545372 
60.103025 
67.200885 
71.641664 
74.410462 
76.035397 
76.789518 
76.789518 
76.035395 
74.410458 
71.641659 
67.200880 
60.103020 
48.545368 
29.515900 
29.515902 
48.545372 
60.103025 
67.200885 
71.641664 
74.410462 
76.035397 
76.789518 
76.789518 
76.035395 
74.410458 
71.641659 
67.200880 
60.103020 
48.545368 
29.515900 
19.882056 
35.533744 
46.732130 
54.455849 
59.677908 
63.099851 
65.169742 
66.146028 
66.146026 
65.169738 
63.099845 
59.677901 
54.455841 
46.732123 
35.533738 
19.882053 
19.882056 
35.533744 
46.732130 
54.455849 
59.677908 
63.099851 
65.169742 
66.146028 
66.146026 
65.169738 
63.099845 
59.677901 
54.455841 
46.732123 
35.533738 
19.882053 
14.478577 
26.975415 
36.835901 
44.212469 
49.514265 
53.141287 
55.397687 
56.478820 
56.478818 
55.397683 
53.141280 
49.514256 
44.212459 
36.835892 
26.975407 
14.478573 
14.478577 
26.975415 
36.835901 
44.212469 
49.514265 
53.141287 
55.397687 
56.478820 
56.478818 
55.397683 
53.141280 
49.514256 
44.212459 
36.835892 
26.975407 
14.478573 
11.056836 
21.053434 
29.423589 
36.043855 
41.025392 
44.553342 
46.800894 
47.892742 
47.892740 
46.800889 
44.553334 
41.025381 
36.043844 
29.423578 
21.053425 
11.056830 
11.056836 
21.053434 
29.423589 
36.043855 
41.025392 
44.553342 
46.800894 
47.892742 
47.892740 
46.800889 
44.553334 
41.025381 
36.043844 
29.423578 
21.053425 
11.056830 
8.695330 
16.757893 
23.761161 
29.513968 
33.990099 
37.245789 
39.359802 
40.398507 
40.398504 
39.359795 
37.245779 
33.990087 
29.513955 
23.761148 
16.757883 
8.695324 
8.695330 
16.757893 
23.761161 
29.513968 
33.990099 
37.245789 
39.359802 
40.398507 
40.398504 
39.359795 
37.245779 
33.990087 
29.513955 
23.761148 
16.757883 
8.695324 
6.966588 
13.521645 
19.349189 
24.260751 
28.175243 
31.079906 
32.994010 
33.942972 
33.942970 
32.994003 
31.079895 
28.175230 
24.260736 
19.349175 
13.521633 
6.966581 
6.966588 
13.521645 
19.349189 
24.260751 
28.175243 
31.079906 
32.994010 
33.942972 
33.942970 
32.994003 
31.079895 
28.175230 
24.260736 
19.349175 
13.521633 
6.966581 
5.649376 
11.012904 
15.853196 
20.004596 
23.370210 
25.904576 
27.593354 
28.436395 
28.436392 
27.593347 
25.904564 
23.370195 
20.004580 
15.853180 
11.012891 
5.649369 
5.649376 
11.012904 
15.853196 
20.004596 
23.370210 
25.904576 
27.593354 
28.436395 
28.436392 
27.593347 
25.904564 
23.370195 
20.004580 
15.853180 
11.012891 
5.649369 
4.618010 
9.027395 
13.046089 
16.534222 
19.396419 
21.574825 
23.038429 
23.772853 
23.772856 
23.038426 
21.574817 
19.396408 
16.534209 
13.046075 
9.027383 
4.618002 
4.618010 
9.027395 
13.046089 
16.534222 
19.396419 
21.574825 
23.038429 
23.772853 
23.772856 
23.038426 
21.574817 
19.396408 
16.534209 
13.046075 
9.027383 
4.618002 
3.795264 
7.432574 
10.769538 
13.689778 
16.106412 
17.959867 
19.212674 
19.843732 
19.843735 
19.212671 
17.959858 
16.106400 
13.689763 
10.769523 
7.432561 
3.795256 
3.795264 
7.432574 
10.769538 
13.689778 
16.106412 
17.959867 
19.212674 
19.843732 
19.843735 
19.212671 
17.959858 
16.106400 
13.689763 
10.769523 
7.432561 
3.795256 
3.130470 
6.138093 
8.909704 
11.348933 
13.379577 
14.945548 
16.008660 
16.545662 
16.545665 
16.008657 
14.945539 
13.379564 
11.348918 
8.909688 
6.138080 
3.130462 
3.130470 
6.138093 
8.909704 
11.348933 
13.379577 
14.945548 
16.008660 
16.545662 
16.545665 
16.008657 
14.945539 
13.379564 
11.348918 
8.909688 
6.138080 
3.130462 
2.588518 
5.079622 
7.382245 
9.416666 
11.117406 
12.434079 
13.330747 
13.784589 
13.784592 
13.330744 
12.434070 
11.117393 
9.416650 
7.382230 
5.079608 
2.588510 
2.588518 
5.079622 
7.382245 
9.416666 
11.117406 
12.434079 
13.330747 
13.784589 
13.784592 
13.330744 
12.434070 
11.117393 
9.416650 
7.382230 
5.079608 
2.588510 
2.143976 
4.209625 
6.122984 
7.818071 
9.239295 
10.342607 
11.095652 
11.477351 
11.477354 
11.095648 
10.342597 
9.239281 
7.818055 
6.122968 
4.209612 
2.143968 
2.143976 
4.209625 
6.122984 
7.818071 
9.239295 
10.342607 
11.095652 
11.477351 
11.477354 
11.095648 
10.342597 
9.239281 
7.818055 
6.122968 
4.209612 
2.143968 
1.777759 
3.491914 
5.081990 
6.493331 
7.679086 
8.601392 
9.231893 
9.551807 
9.551810 
9.231889 
8.601383 
7.679072 
6.493315 
5.081973 
3.491900 
1.777750 
1.777759 
3.491914 
5.081990 
6.493331 
7.679086 
8.601392 
9.231893 
9.551807 
9.551810 
9.231889 
8.601383 
7.679072 
6.493315 
5.081973 
3.491900 
1.777750 
1.475141 
2.898277 
4.219722 
5.394171 
6.382319 
7.151974 
7.678711 
7.946171 
7.946174 
7.678707 
7.151965 
6.382305 
5.394155 
4.219706 
2.898263 
1.475133 
1.475141 
2.898277 
4.219722 
5.394171 
6.382319 
7.151974 
7.678711 
7.946171 
7.946174 
7.678707 
7.151965 
6.382305 
5.394155 
4.219706 
2.898263 
1.475133 
1.224526 
2.406326 
3.504445 
4.481304 
5.304035 
5.945466 
6.384796 
6.607989 
6.607992 
6.384793 
5.945457 
5.304021 
4.481288 
3.504428 
2.406312 
1.224518 
1.224526 
2.406326 
3.504445 
4.481304 
5.304035 
5.945466 
6.384796 
6.607989 
6.607992 
6.384793 
5.945457 
5.304021 
4.481288 
3.504428 
2.406312 
1.224518 
1.016636 
1.998055 
2.910423 
3.722564 
4.407048 
4.941058 
5.307016 
5.493001 
5.492998 
5.307006 
4.941042 
4.407028 
3.722543 
2.910403 
1.998038 
1.016626 
1.016636 
1.998055 
2.910423 
3.722564 
4.407048 
4.941058 
5.307016 
5.493001 
5.492998 
5.307006 
4.941042 
4.407028 
3.722543 
2.910403 
1.998038 
1.016626 
0.843956 
1.658826 
2.416620 
3.091468 
3.660520 
4.104686 
4.409192 
4.563986 
4.563983 
4.409182 
4.104671 
3.660501 
3.091447 
2.416600 
1.658810 
0.843947 
0.843956 
1.658826 
2.416620 
3.091468 
3.660520 
4.104686 
4.409192 
4.563986 
4.563983 
4.409182 
4.104671 
3.660501 
3.091447 
2.416600 
1.658810 
0.843947 
0.700361 
1.376669 
2.005756 
2.566159 
3.038872 
3.407964 
3.661071 
3.789760 
3.789757 
3.661062 
3.407949 
3.038854 
2.566139 
2.005737 
1.376654 
0.700352 
0.700361 
1.376669 
2.005756 
2.566159 
3.038872 
3.407964 
3.661071 
3.789760 
3.789757 
3.661062 
3.407949 
3.038854 
2.566139 
2.005737 
1.376654 
0.700352 
0.580814 
1.141731 
1.663568 
2.128534 
2.520838 
2.827218 
3.037361 
3.144218 
3.144215 
3.037352 
2.827204 
2.520820 
2.128515 
1.663550 
1.141716 
0.580805 
0.580814 
1.141731 
1.663568 
2.128534 
2.520838 
2.827218 
3.037361 
3.144218 
3.144215 
3.037352 
2.827204 
2.520820 
2.128515 
1.663550 
1.141716 
0.580805 
0.481161 
0.945867 
1.378247 
1.763563 
2.088720 
2.342701 
2.516927 
2.605529 
2.605526 
2.516918 
2.342687 
2.088703 
1.763545 
1.378230 
0.945853 
0.481153 
0.481161 
0.945867 
1.378247 
1.763563 
2.088720 
2.342701 
2.516927 
2.605529 
2.605526 
2.516918 
2.342687 
2.088703 
1.763545 
1.378230 
0.945853 
0.481153 
0.397960 
0.782326 
1.139984 
1.458745 
1.727770 
1.937931 
2.082110 
2.155437 
2.155434 
2.082102 
1.937918 
1.727755 
1.458729 
1.139968 
0.782313 
0.397952 
0.397960 
0.782326 
1.139984 
1.458745 
1.727770 
1.937931 
2.082110 
2.155437 
2.155434 
2.082102 
1.937918 
1.727755 
1.458729 
1.139968 
0.782313 
0.397952 
0.328348 
0.645491 
0.940613 
1.203658 
1.425679 
1.599134 
1.718140 
1.778666 
1.778664 
1.718133 
1.599123 
1.425665 
1.203643 
0.940598 
0.645479 
0.328341 
0.328348 
0.645491 
0.940613 
1.203658 
1.425679 
1.599134 
1.718140 
1.778666 
1.778664 
1.718133 
1.599123 
1.425665 
1.203643 
0.940598 
0.645479 
0.328341 
0.269940 
0.530674 
0.773312 
0.989590 
1.172148 
1.314781 
1.412644 
1.462418 
1.462416 
1.412637 
1.314770 
1.172135 
0.989576 
0.773299 
0.530663 
0.269934 
0.269940 
0.530674 
0.773312 
0.989590 
1.172148 
1.314781 
1.412644 
1.462418 
1.462416 
1.412637 
1.314770 
1.172135 
0.989576 
0.773299 
0.530663 
0.269934 
0.220737 
0.433948 
0.632368 
0.809238 
0.958538 
1.075190 
1.155230 
1.195940 
1.195942 
1.155228 
1.075184 
0.958529 
0.809228 
0.632358 
0.433940 
0.220732 
0.220737 
0.433948 
0.632368 
0.809238 
0.958538 
1.075190 
1.155230 
1.195940 
1.195942 
1.155228 
1.075184 
0.958529 
0.809228 
0.632358 
0.433940 
0.220732 
0.179057 
0.352012 
0.512970 
0.656451 
0.777570 
0.872206 
0.937142 
0.970170 
0.970172 
0.937140 
0.872201 
0.777563 
0.656442 
0.512961 
0.352004 
0.179053 
0.179057 
0.352012 
0.512970 
0.656451 
0.777570 
0.872206 
0.937142 
0.970170 
0.970172 
0.937140 
0.872201 
0.777563 
0.656442 
0.512961 
0.352004 
0.179053 
0.143479 
0.282068 
0.411047 
0.526023 
0.623081 
0.698919 
0.750956 
0.777424 
0.777426 
0.750955 
0.698915 
0.623075 
0.526015 
0.411040 
0.282062 
0.143475 
0.143479 
0.282068 
0.411047 
0.526023 
0.623081 
0.698919 
0.750956 
0.777424 
0.777426 
0.750955 
0.698915 
0.623075 
0.526015 
0.411040 
0.282062 
0.143475 
0.112788 
0.221733 
0.323125 
0.413509 
0.489809 
0.549428 
0.590337 
0.611145 
0.611146 
0.590336 
0.549424 
0.489804 
0.413503 
0.323118 
0.221728 
0.112785 
0.112788 
0.221733 
0.323125 
0.413509 
0.489809 
0.549428 
0.590337 
0.611145 
0.611146 
0.590336 
0.549424 
0.489804 
0.413503 
0.323118 
0.221728 
0.112785 
0.085939 
0.168951 
0.246207 
0.315077 
0.373215 
0.418644 
0.449816 
0.465671 
0.465672 
0.449815 
0.418641 
0.373211 
0.315072 
0.246202 
0.168946 
0.085937 
0.085939 
0.168951 
0.246207 
0.315077 
0.373215 
0.418644 
0.449816 
0.465671 
0.465672 
0.449815 
0.418641 
0.373211 
0.315072 
0.246202 
0.168946 
0.085937 
0.062017 
0.121922 
0.177674 
0.227374 
0.269330 
0.302114 
0.324609 
0.336052 
0.336052 
0.324609 
0.302111 
0.269327 
0.227370 
0.177670 
0.121919 
0.062016 
0.062017 
0.121922 
0.177674 
0.227374 
0.269330 
0.302114 
0.324609 
0.336052 
0.336052 
0.324609 
0.302111 
0.269327 
0.227370 
0.177670 
0.121919 
0.062016 
0.040208 
0.079046 
0.115191 
0.147413 
0.174615 
0.195870 
0.210455 
0.217873 
0.217874 
0.210454 
0.195868 
0.174613 
0.147411 
0.115189 
0.079044 
0.040206 
0.040208 
0.079046 
0.115191 
0.147413 
0.174615 
0.195870 
0.210455 
0.217873 
0.217874 
0.210454 
0.195868 
0.174613 
0.147411 
0.115189 
0.079044 
0.040206 
0.019767 
0.038861 
0.056631 
0.072473 
0.085846 
0.096295 
0.103466 
0.107113 
0.107113 
0.103466 
0.096295 
0.085845 
0.072471 
0.056630 
0.038860 
0.019767 
0.019767 
0.038861 
0.056631 
0.072473 
0.085846 
0.096295 
0.103466 
0.107113 
0.107113 
0.103466 
0.096295 
0.085845 
0.072471 
0.056630 
0.038860 
0.019767 
